H1 = [sqrt(3), -1, 1; 1 sqrt(3) 1; 0 0 2];


H2 = [1 -1 1; 1 1 0; 0 0 1];


H3 = [1 1 0; 0 2 0; 0 0 1];


H4 = [sqrt(3), -1, 1; 1 sqrt(3) 1; 0.25 0.5 2];
